position_1:
  orientation:
    w: 0.06699492798704501
    x: 0.03103177534879723
    y: 0.9965167284450913
    z: 0.03877007185709737
  position:
    x: -0.35087241527811963
    y: 0.08351647619963906
    z: 0.43410581091158695
www.irisa.fr/lagadic/visp:
  orientation:
    w: 0.03173654497273575
    x: -0.030366502436228966
    y: 0.9971640013853328
    z: 0.061111550333599385
  position:
    x: -0.03664419754605887
    y: 0.07793295156734469
    z: 0.4472095744900858
