position_1:
  orientation:
    w: 0.06973605759405951
    x: 0.07137430637803627
    y: 0.9832822047391457
    z: -0.15231118312066563
  position:
    x: -0.40183901445982934
    y: 0.0034809281375177137
    z: 0.42730955261517367
www.irisa.fr/lagadic/visp:
  orientation:
    w: 0.3718282226235561
    x: 0.09175208722424734
    y: 0.8806558059819941
    z: -0.278873947762794
  position:
    x: 0.021739134734888088
    y: -0.06552270719074194
    z: 0.3354691811668391
